## POT printout from Jake D. for 2020 CsI result
-7.906607917933158e-09
-1.2067520558202188e-09
-1.7799179567144737e-08
-2.8433132257878138e-08
2.8873911339159234e-08
-2.5354367035936952e-08
-1.6673150565124792e-07
-7.02927035445508e-09
2.3143218628320233e-07
-5.297704145472869e-09
-1.8534611421537725e-07
-1.4928181915552938e-08
6.1755726469513e-08
1.8526294234456037e-08
-6.660801570216988e-08
-4.9991478391931006e-08
4.066536549143402e-08
1.5353184778882242e-08
6.596723285943944e-09
1.1176494415473572e-08
-1.3961818525146373e-08
1.7876571090622874e-10
-5.067285894040959e-09
-2.3253014078053247e-08
-2.3173239723203995e-08
-1.729783959134982e-08
-6.301602386564553e-09
-5.911429504999311e-09
-6.040672658182009e-09
-9.114198391079304e-09
-1.1827918414290222e-08
-8.11230578046424e-09
-1.5838543433191003e-08
-1.413484080743814e-08
-5.594045718349828e-09
-6.893006984645091e-09
-9.74808933767886e-09
-9.325936042916873e-09
-1.300233758673367e-08
-1.4319801953117504e-08
-1.336281721849704e-08
-2.1460507682756222e-08
-2.985421901122426e-08
-2.3593118662105256e-08
-1.563225803090663e-08
-5.844531142482763e-09
1.883191889246763e-09
3.0734390031835695e-10
3.615610009981076e-09
1.2160320542923207e-09
-4.889804721196334e-09
-1.5123450307820513e-09
2.2555563911983956e-09
3.353556592204628e-09
8.023832437095241e-09
9.49224591422092e-09
6.345341590688294e-09
4.43695630116865e-09
-2.2389068803991687e-09
-1.0511147915826026e-08
-1.0520347146615246e-08
-7.216797509784969e-09
-3.904770208303461e-09
4.457233447722532e-10
-2.894555431683911e-10
-5.367098385519347e-09
-1.947851902567559e-09
-3.226293585739108e-09
-6.229290151161894e-09
-3.417257343377435e-09
1.592530425456519e-09
-1.2537446380558154e-09
-2.580287999976245e-09
-5.198615310844175e-10
5.577808024727072e-09
7.957100471783879e-09
-2.673025462193877e-09
-4.527581417203175e-09
-2.212998163725032e-09
-1.1017161674754607e-08
-1.1732069193355694e-08
-3.5859667291844792e-09
-4.786950057709327e-09
-8.92142122567303e-09
-6.259599012013561e-09
-6.707969811124461e-09
-1.5503896040573286e-08
-1.1488322696575799e-08
-1.0919196621965703e-08
-1.346890035568285e-08
-1.3013717419070468e-08
-9.078127425724355e-09
-2.9918624625440046e-09
3.713036663364427e-09
4.599343321666328e-09
-1.331649214162065e-09
3.51531072231277e-09
5.827464195905559e-09
2.6172253600944273e-09
2.9399595524089035e-09
-2.7732264132405176e-09
-7.983126391492598e-10
-5.5232483213118145e-09
-1.200034539074201e-08
-7.345339382208413e-10
5.671564255809609e-09
9.61151860940649e-09
1.5388335654303742e-08
2.0569557363875047e-08
2.126458776884147e-08
2.500915317190088e-08
2.663610325237363e-08
1.4275638746949968e-08
1.169641099933179e-08
1.8925712183158594e-08
2.3391406916057888e-08
3.1205467627048817e-08
3.623631247948329e-08
3.2152424089018595e-08
2.194893756560471e-08
1.073703871248727e-08
1.0038551138625619e-09
-1.2760789692857128e-08
-1.1744479698234105e-08
-8.747291276893465e-10
-1.6595303921228706e-09
6.61649946564221e-09
1.5096190206579172e-08
7.239786378775208e-09
8.14841926583731e-09
6.68653530725099e-09
-1.2776062062435377e-08
-3.0020800092912106e-08
-3.312504026120834e-08
-4.942015968380203e-08
-6.498704129284018e-08
-6.21858292644411e-08
-4.203817543177251e-08
-1.2739925080829882e-08
4.2220149153683337e-08
1.443804857605104e-07
6.163672327106086e-07
3.0117409949449696e-06
1.0975117811547916e-05
2.6647271028228575e-05
4.906475853838253e-05
8.41164571824211e-05
0.00014477737572234073
0.00024212941046917303
0.00038121816681942487
0.0005607235536135952
0.0007800664182314237
0.0010512400141690656
0.0013950211039073979
0.0018109015036179596
0.0022803363440440597
0.0027941802760458353
0.003355123297949463
0.003968129450987109
0.00463027627872638
0.005332287552182943
0.006074423683004333
0.0068633284550131055
0.007704474406255435
0.008603431969666073
0.009564615408314561
0.010584789320411464
0.011652366062965294
0.012753786793940718
0.013874317312972232
0.014996940220099583
0.01610774864579398
0.01719982682642852
0.018264257847535784
0.01928713916927344
0.02025926849494833
0.0211754931584483
0.02202944261402583
0.02281573659792593
0.02353258264049179
0.02418111716347125
0.024759244661033353
0.02525467542336696
0.025657940169642002
0.02597207163369043
0.02620208984092387
0.026345154248210965
0.02639584623622876
0.026347342250046975
0.026188674674502345
0.02592547155524635
0.025578448236320668
0.025137452247172145
0.024579558489992357
0.023915719033512653
0.023152283792301775
0.022286596682946067
0.02134341192647762
0.020346624289142308
0.019309881077329304
0.01824788740184758
0.017165214379000968
0.01605923688149522
0.014934979754214801
0.013814612013978487
0.0127247940739134
0.011676041052533725
0.010664982462448984
0.009689936855273576
0.008763393888731022
0.007893353184152309
0.007079694325519175
0.0063305612019195915
0.0056433088393966525
0.005010626044178783
0.004434536163169453
0.003910911985708837
0.0034233586538268525
0.0029572866258533925
0.0025168353023183538
0.0021157413069657974
0.001759403640948342
0.001452826407698429
0.0011959484695543098
0.0009724632525008904
0.0007698697200242711
0.0005881352027131
0.00043250235098969556
0.00031182139263123676
0.00022863542229049457
0.00017510743775124747
0.00014092179752494733
0.00011829039545608913
0.00010252591149127026
9.030383893299572e-05
7.957225798693496e-05
6.969176418145379e-05
6.0805378151232175e-05
5.2687569830127784e-05
4.541121834417161e-05
3.878598413333393e-05
3.3104147340036554e-05
2.8296936125141056e-05
2.4178721675650362e-05
2.0615650519762137e-05
1.7376678112443345e-05
1.4549174902028874e-05
1.2003831874752561e-05
9.647725113804297e-06
7.789620288112198e-06
6.125919622383543e-06
4.687391947129673e-06
3.4381961563754605e-06
2.4181926299210363e-06
1.5370416691614908e-06
8.925762561900955e-07
3.452386579862593e-07
-1.5871380375939585e-07
-4.3587500364194244e-07
-5.491552493563612e-07
-6.012330687849013e-07
-4.6760266876819945e-07
-4.0261862680443114e-07
-2.8948461113045363e-07
5.641295911306797e-08
3.5006797175250445e-07
7.03143693396721e-07
1.2194778124273744e-06
1.7242724704016703e-06
2.1969946653654463e-06
2.8629459053611208e-06
3.495415276773884e-06
4.188069753686023e-06
4.7608068871085756e-06
5.544567573547521e-06
6.290033610483359e-06
7.082622906520259e-06
7.780134727327017e-06
8.60365567371638e-06
9.36846640027064e-06
1.0072901499451786e-05
1.0732188893564407e-05
1.160224174525788e-05
1.2306846395988199e-05
1.3170563164383128e-05
1.3880973487155808e-05
1.4528835830502133e-05
1.5320147344538194e-05
1.595446886157392e-05
1.659459818259059e-05
1.723752168048748e-05
1.7886964711791098e-05
1.857799260671151e-05
1.9209497700824843e-05
1.969203421367094e-05
2.0283426968571862e-05
2.0758766699386826e-05
2.1192503450112572e-05
2.1591054665491108e-05
2.2110732143962095e-05
2.2598170838111245e-05
2.3082856165602255e-05
2.331521528190782e-05
2.374552489564672e-05
2.4115666981471815e-05
2.4406606105070382e-05
2.4751931217074494e-05
2.4985563016030423e-05
2.5335868616372813e-05
2.5696479485958092e-05
2.5906435539351582e-05
2.6224366954452818e-05
2.6384714959744342e-05
2.6619981507467383e-05
2.682312810028981e-05
2.7028167447665233e-05
2.7189703619628416e-05
2.737319466045039e-05
2.7593061279170992e-05
2.7751940619927284e-05
2.7889997789876046e-05
2.8043742216663976e-05
2.818275991506679e-05
2.837798623740761e-05
2.846119984283099e-05
2.8591477331531768e-05
2.862319990062847e-05
2.879586681016396e-05
2.884801776462832e-05
2.8929735700987277e-05
2.8927750686460238e-05
2.9008458382099128e-05
2.9057911652176025e-05
2.9048612866758997e-05
2.8985068848726776e-05
2.9124355746859265e-05
2.9068291842158997e-05
2.903256684334861e-05
2.900399358741517e-05
2.8974113205175584e-05
2.897051544337675e-05
2.8945060088373728e-05
2.8928329082638277e-05
2.8835566826039218e-05
2.8871438833947982e-05
2.8797614180511417e-05
2.8822079192971272e-05
2.8816226474400702e-05
2.8724989295749777e-05
2.8701226741666592e-05
2.860596637195788e-05
2.8668772894274915e-05
2.8603910346015296e-05
2.8541262145515307e-05
2.846564276531e-05
2.8465899671009857e-05
2.855892671074993e-05
2.8422134886829177e-05
2.8386221016353387e-05
2.8315152067734204e-05
2.8344554967438566e-05
2.8316893163865003e-05
2.8260139137991432e-05
2.829056601838555e-05
2.8221849110426342e-05
2.8158049988859478e-05
2.808969545492374e-05
2.8145398859582734e-05
2.8013480484481674e-05
2.8007132939612844e-05
2.798619265375059e-05
2.7926385310652044e-05
2.7928786802696645e-05
2.7724837631526607e-05
2.7783096551619945e-05
2.7666375188955783e-05
2.7616519555761354e-05
2.7562577922952524e-05
2.7443354843951848e-05
2.7417633773426306e-05
2.7303833099201e-05
2.716214483538648e-05
2.7076770448284882e-05
2.6952604615866632e-05
2.6889474892189303e-05
2.6742158121384813e-05
2.6558029436778002e-05
2.6461144927063233e-05
2.633236591750372e-05
2.6156594854783373e-05
2.599099466000651e-05
2.584651660676715e-05
2.5706073459199306e-05
2.558109701012876e-05
2.5361134469334485e-05
2.522462317932975e-05
2.5093555769291088e-05
2.490441649723557e-05
2.4745050425124018e-05
2.4660623167676242e-05
2.4537015814711193e-05
2.428452642117553e-05
2.422288737667508e-05
2.4113589766644854e-05
2.3902937384233043e-05
2.3848925329688743e-05
2.3633005627177214e-05
2.3582497290555335e-05
2.3414243464037315e-05
2.3329264425244074e-05
2.3199408612909234e-05
2.308546388201455e-05
2.296309225220462e-05
2.286245933608053e-05
2.2827938615559137e-05
2.2637689207975227e-05
2.255739586018678e-05
2.248033433965343e-05
2.230611031899241e-05
2.2239286180481058e-05
2.214469027489051e-05
2.2031204568566655e-05
2.191033366178999e-05
2.1774580054961405e-05
2.176152954347576e-05
2.1589678670109283e-05
2.1467230150418596e-05
2.134210813023728e-05
2.1301977600901027e-05
2.119320118807905e-05
2.106884586214922e-05
2.0975339263173888e-05
2.091087105498372e-05
2.0734114076504802e-05
2.071799173509592e-05
2.064172022460388e-05
2.050993208275251e-05
2.048169358297359e-05
2.0382865970450183e-05
2.024413305728924e-05
2.0211263029484552e-05
2.0069399249606242e-05
1.9963810832103173e-05
1.9967309411685862e-05
1.985566674444545e-05
1.9733409022845046e-05
1.9717079649021544e-05
1.959569257244912e-05
1.9459042777171255e-05
1.9495206519892325e-05
1.933666291930605e-05
1.9359771890255834e-05
1.9230709583729276e-05
1.9259526956010365e-05
1.9189173443638218e-05
1.9187934866545967e-05
1.9037663055995117e-05
1.9069203634019576e-05
1.8939230405802645e-05
1.8927315531310136e-05
1.8783485505934304e-05
1.876294994147854e-05
1.8675261199685423e-05
1.863769096754504e-05
1.8623914978631406e-05
1.8494285723780854e-05
1.8460955141527298e-05
1.8438402118125007e-05
1.831701211685126e-05
1.8272101465367098e-05
1.8175009128245307e-05
1.8050190216913535e-05
1.801307177213175e-05
1.7924061805269066e-05
1.781866513646248e-05
1.775760570763315e-05
1.7632696717037812e-05
1.7582111692412784e-05
1.745178253095506e-05
1.7340001292940632e-05
1.7283805113083065e-05
1.716949485608497e-05
1.6977724213841607e-05
1.6865963705337718e-05
1.6818604711075468e-05
1.666509820356154e-05
1.659510550506725e-05
1.6464079034267592e-05
1.6402371609141774e-05
1.76916506435251e-05
